-1.000000
Longest: -1
Trapping time (avg): -1.000000
Ratio: -1.000000
Entrophy: -1.000000
